0.022816 0.000000
0.068447 0.000000
0.114078 0.000000
0.159709 0.000000
0.205340 0.000000
0.250971 0.000000
0.296602 0.000000
0.342234 0.000000
0.387865 0.000000
0.433496 0.000000
0.479127 0.000000
0.524758 0.000000
0.570389 0.000000
0.616020 0.000000
0.661652 0.000000
0.707283 0.000000
0.752914 0.000000
0.798545 0.000000
0.844176 0.000000
0.889807 0.000000
0.935438 0.000000
0.981070 0.000000
1.026701 0.000000
1.072332 0.000000
1.117963 0.000000
1.163594 0.000000
1.209225 0.000000
1.254856 0.000000
1.300488 0.000000
1.346119 0.000000
1.391750 0.000000
1.437381 0.000000
1.483012 0.000000
1.528643 0.000000
1.574274 0.000000
1.619906 0.000000
1.665537 0.000000
1.711168 0.000000
1.756799 0.000000
1.802430 0.000000
1.848061 0.000000
1.893692 0.000000
1.939324 0.000000
1.984955 0.000000
2.030586 0.000000
2.076217 0.000000
2.121848 0.000000
2.167479 0.000000
2.213110 0.000000
2.258742 0.000000
2.304373 0.000000
2.350004 0.000000
2.395635 0.000000
2.441266 0.000000
2.486897 0.000000
2.532528 0.000000
2.578160 0.000000
2.623791 0.000000
2.669422 0.001340
2.715053 0.020040
2.760684 0.042737
2.806315 0.076472
2.851946 0.096238
2.897578 0.124963
2.943209 0.208885
2.988840 0.351345
3.034471 0.467871
3.080102 0.537837
3.125733 0.634019
3.171364 0.694964
3.216996 0.761595
3.262627 0.917493
3.308258 1.034765
3.353889 1.064999
3.399520 1.093881
3.445151 1.137126
3.490782 1.222413
3.536414 1.186458
3.582045 1.225150
3.627676 1.299808
3.673307 1.368404
3.718938 1.451705
3.764569 1.627743
3.810200 1.611588
3.855832 1.529794
3.901463 1.596148
3.947094 1.499908
3.992725 1.465447
4.038356 1.396787
4.083987 1.285900
4.129618 1.432033
4.175250 1.595652
4.220881 1.489844
4.266512 1.518662
4.312143 1.469149
4.357774 1.490751
4.403405 1.450290
4.449037 1.313563
4.494668 1.275422
4.540299 1.228530
4.585930 1.124950
4.631561 1.126960
4.677192 1.179997
4.722823 1.222057
4.768455 1.245783
4.814086 1.266661
4.859717 1.162697
4.905348 1.192758
4.950979 1.226431
4.996610 1.103359
5.042241 1.068866
5.087873 1.007078
5.133504 1.078680
5.179135 1.115145
5.224766 0.919279
5.270397 0.918188
5.316028 0.901103
5.361659 0.901774
5.407291 0.834170
5.452922 0.831136
5.498553 0.807467
5.544184 0.712023
5.589815 0.786830
5.635446 0.806900
5.681077 0.755683
5.726709 0.836659
5.772340 0.796896
5.817971 0.777819
5.863602 0.718891
5.909233 0.606890
5.954864 0.576033
6.000495 0.624212
6.046127 0.617285
6.091758 0.639250
6.137389 0.656603
6.183020 0.673332
6.228651 0.658786
6.274282 0.548951
6.319913 0.528595
6.365545 0.567495
6.411176 0.594810
6.456807 0.596494
6.502438 0.571499
6.548069 0.517797
6.593700 0.515922
6.639331 0.566596
6.684963 0.560692
6.730594 0.560412
6.776225 0.550531
6.821856 0.524208
6.867487 0.537609
6.913118 0.514580
6.958749 0.568939
7.004381 0.526047
7.050012 0.474687
7.095643 0.491320
7.141274 0.536957
7.186905 0.481977
7.232536 0.487510
7.278167 0.557086
7.323799 0.789046
7.369430 1.342060
7.415061 1.502698
7.460692 0.904576
7.506323 0.620670
7.551954 0.561490
7.597585 0.569725
7.643217 0.552414
7.688848 0.500129
7.734479 0.474260
7.780110 0.443181
7.825741 0.455692
7.871372 0.498729
7.917003 0.443257
7.962635 0.392501
8.008266 0.374740
8.053897 0.460887
8.099528 0.513047
8.145159 0.462033
8.190790 0.463172
8.236421 0.480769
8.282053 0.472528
8.327684 0.465834
8.373315 0.413954
8.418946 0.377730
8.464577 0.400079
8.510208 0.414740
8.555839 0.398521
8.601471 0.372302
8.647102 0.412417
8.692733 0.414885
8.738364 0.386489
8.783995 0.384507
8.829626 0.364255
8.875257 0.370703
8.920889 0.389874
8.966520 0.416390
9.012151 0.421855
9.057782 0.416202
9.103413 0.421413
9.149044 0.358566
9.194675 0.344036
9.240307 0.342039
9.285938 0.312614
9.331569 0.345772
9.377200 0.336439
9.422831 0.327238
9.468462 0.359184
9.514093 0.406746
9.559725 0.407693
9.605356 0.356907
9.650987 0.362820
9.696618 0.373756
9.742249 0.356914
9.787880 0.354315
9.833511 0.324461
9.879143 0.342464
9.924774 0.404923
9.970405 0.400597
10.016036 0.331042
10.061667 0.335143
10.107298 0.343805
10.152929 0.369625
10.198561 0.374692
10.244192 0.338165
10.289823 0.328347
10.335454 0.333765
10.381085 0.336403
10.426716 0.363265
10.472347 0.343332
10.517979 0.300838
10.563610 0.343365
10.609241 0.362647
10.654872 0.394953
10.700503 0.383243
10.746134 0.372633
10.791765 0.419068
10.837397 0.382337
10.883028 0.388116
10.928659 0.406343
10.974290 0.406347
11.019921 0.407056
11.065552 0.402723
11.111183 0.420763
11.156815 0.445098
11.202446 0.469642
11.248077 0.462601
11.293708 0.495143
11.339339 0.526634
11.384970 0.523670
11.430601 0.464713
11.476233 0.480015
11.521864 0.504849
11.567495 0.523743
11.613126 0.549349
11.658757 0.579756
11.704388 0.585734
11.750019 0.585302
11.795651 0.585089
11.841282 0.603755
11.886913 0.685475
11.932544 0.690059
11.978175 0.725992
12.023806 0.757323
12.069437 0.717631
12.115069 0.696255
12.160700 0.719473
12.206331 0.793102
12.251962 0.814008
12.297593 0.801602
12.343224 0.880054
12.388855 0.905463
12.434487 0.931181
12.480118 0.956201
12.525749 0.946231
12.571380 0.985866
12.617011 1.031459
12.662642 1.099629
12.708273 1.181491
12.753905 1.331959
12.799536 1.465966
12.845167 1.479344
12.890798 1.443421
12.936429 1.416952
12.982060 1.433235
13.027692 1.483988
13.073323 1.517784
13.118954 1.567926
13.164585 1.673385
13.210216 1.670648
13.255847 1.696185
13.301478 1.816911
13.347110 1.929003
13.392741 2.021690
13.438372 2.180261
13.484003 2.273269
13.529634 2.314851
13.575265 2.413618
13.620896 2.423280
13.666528 2.387381
13.712159 2.479838
13.757790 2.587525
13.803421 2.535060
13.849052 2.590354
13.894683 2.718246
13.940314 2.775325
13.985946 2.869819
14.031577 2.907372
14.077208 2.920242
14.122839 3.047051
14.168470 3.133703
14.214101 3.115261
14.259732 3.161342
14.305364 3.338889
14.350995 3.506849
14.396626 3.536449
14.442257 3.546278
14.487888 3.504133
14.533519 3.474331
14.579150 3.510336
14.624782 3.580197
14.670413 3.598262
14.716044 3.487799
14.761675 3.612151
14.807306 3.798721
14.852937 3.747284
14.898568 3.551387
14.944200 3.477582
14.989831 3.576276
15.035462 3.665285
15.081093 3.610140
15.126724 3.610384
15.172355 3.662848
15.217986 3.735360
15.263618 3.868892
15.309249 4.091032
15.354880 4.262496
15.400511 4.177634
15.446142 3.864441
15.491773 3.609195
15.537404 3.498209
15.583036 3.369552
15.628667 3.237100
15.674298 3.115450
15.719929 3.010231
15.765560 2.910040
15.811191 2.855982
15.856822 2.782775
15.902454 2.660765
15.948085 2.626429
15.993716 2.703065
16.039347 2.662655
16.084978 2.523812
16.130609 2.408581
16.176240 2.320747
16.221872 2.210796
16.267503 2.108296
16.313134 2.043367
16.358765 1.907153
16.404396 1.853968
16.450027 1.914100
16.495658 1.915690
16.541290 1.853690
16.586921 1.796236
16.632552 1.728142
16.678183 1.658126
16.723814 1.584700
16.769445 1.533671
16.815076 1.432489
16.860708 1.373175
16.906339 1.287803
16.951970 1.192860
16.997601 1.177779
17.043232 1.207539
17.088863 1.155567
17.134494 1.113282
17.180126 1.126351
17.225757 1.062811
17.271388 0.982565
17.317019 0.961259
17.362650 0.924263
17.408281 0.871820
17.453912 0.811534
17.499544 0.773146
17.545175 0.726622
17.590806 0.697830
17.636437 0.703824
17.682068 0.695535
17.727699 0.725604
17.773330 1.007688
17.818962 2.058203
17.864593 5.845422
17.910224 16.729193
17.955855 28.450371
18.001486 20.416058
18.047117 7.317267
18.092748 2.286132
18.138380 0.929204
18.184011 0.575752
18.229642 0.511433
18.275273 0.462461
18.320904 0.413645
18.366535 0.386640
18.412166 0.346025
18.457798 0.345595
18.503429 0.395216
18.549060 0.459157
18.594691 0.476971
18.640322 0.400898
18.685953 0.323246
18.731584 0.325423
18.777216 0.301271
18.822847 0.251586
18.868478 0.233440
18.914109 0.209204
18.959740 0.194935
19.005371 0.212943
19.051002 0.215306
19.096634 0.210819
19.142265 0.209818
19.187896 0.194407
19.233527 0.180192
19.279158 0.180690
19.324789 0.199175
19.370420 0.201101
19.416052 0.196157
19.461683 0.201596
19.507314 0.220139
19.552945 0.236863
19.598576 0.232624
19.644207 0.217820
19.689838 0.197246
19.735470 0.169560
19.781101 0.137534
19.826732 0.117516
19.872363 0.126549
19.917994 0.156944
19.963625 0.207780
20.009256 0.231776
20.054888 0.187147
20.100519 0.135740
20.146150 0.115660
20.191781 0.099104
20.237412 0.098055
20.283043 0.101883
20.328674 0.093545
20.374306 0.083210
20.419937 0.075009
20.465568 0.077733
20.511199 0.073923
20.556830 0.072705
20.602461 0.088086
20.648092 0.134794
20.693724 0.165908
20.739355 0.142118
20.784986 0.090175
20.830617 0.080656
20.876248 0.083615
20.921879 0.075384
20.967510 0.065289
21.013142 0.060350
21.058773 0.063417
21.104404 0.062921
21.150035 0.061134
21.195666 0.050205
21.241297 0.059612
21.286929 0.073093
21.332560 0.062290
21.378191 0.056200
21.423822 0.049155
21.469453 0.055663
21.515084 0.048415
21.560715 0.038311
21.606347 0.043042
21.651978 0.049288
21.697609 0.046254
21.743240 0.048131
21.788871 0.054774
21.834502 0.054488
21.880133 0.052984
21.925765 0.049120
21.971396 0.045669
22.017027 0.048168
22.062658 0.047857
22.108289 0.040882
22.153920 0.032454
22.199551 0.038033
22.245183 0.037978
22.290814 0.040120
22.336445 0.038413
22.382076 0.032412
22.427707 0.034727
22.473338 0.035542
22.518969 0.035190
22.564601 0.039111
22.610232 0.033969
22.655863 0.028695
22.701494 0.023429
22.747125 0.029124
22.792756 0.033580
22.838387 0.023827
22.884019 0.024170
22.929650 0.024003
22.975281 0.016483
23.020912 0.020093
23.066543 0.027976
23.112174 0.036673
23.157805 0.034117
23.203437 0.028266
23.249068 0.029679
23.294699 0.027976
23.340330 0.032918
23.385961 0.028165
23.431592 0.024541
23.477223 0.025665
23.522855 0.027608
23.568486 0.023605
23.614117 0.028555
23.659748 0.027464
23.705379 0.024564
23.751010 0.031512
23.796641 0.030287
23.842273 0.029419
23.887904 0.027033
23.933535 0.019499
23.979166 0.016146
24.024797 0.023292
24.070428 0.030231
24.116059 0.031562
24.161691 0.034685
24.207322 0.050924
24.252953 0.101980
24.298584 0.303388
24.344215 1.231388
24.389846 5.400630
24.435477 20.798599
24.481109 45.135075
24.526740 42.679218
24.572371 17.150694
24.618002 4.336237
24.663633 0.975854
24.709264 0.231345
24.754895 0.086841
24.800527 0.041155
24.846158 0.024812
24.891789 0.022446
24.937420 0.019262
24.983051 0.019481
25.028682 0.015877
25.074313 0.015222
25.119945 0.013868
25.165576 0.014979
25.211207 0.016741
25.256838 0.013991
25.302469 0.010160
25.348100 0.008563
25.393731 0.015568
25.439363 0.039241
25.484994 0.083507
25.530625 0.240346
25.576256 0.829907
25.621887 1.971664
25.667518 2.319359
25.713149 1.305811
25.758781 0.398934
25.804412 0.124011
25.850043 0.048485
25.895674 0.018447
25.941305 0.008340
25.986936 0.011679
26.032567 0.019857
26.078199 0.061533
26.123830 0.368847
26.169461 2.101645
26.215092 8.401423
26.260723 14.957173
26.306354 10.854003
26.351985 3.725327
26.397617 0.672615
26.443248 0.107644
26.488879 0.018796
26.534510 0.008255
26.580141 0.010675
26.625772 0.016847
26.671403 0.018909
26.717035 0.045814
26.762666 0.097681
26.808297 0.110094
26.853928 0.059984
26.899559 0.022056
26.945190 0.013196
26.990821 0.008905
27.036453 0.008058
27.082084 0.011643
27.127715 0.009629
27.173346 0.008989
27.218977 0.009602
27.264608 0.006406
27.310239 0.003629
27.355871 0.006018
27.401502 0.007174
27.447133 0.005920
27.492764 0.008512
27.538395 0.008918
27.584026 0.004986
27.629657 0.007324
27.675289 0.009408
27.720920 0.006554
27.766551 0.003942
27.812182 0.005612
27.857813 0.004804
27.903444 0.002517
27.949075 0.005603
27.994707 0.007337
28.040338 0.003920
28.085969 0.003833
28.131600 0.005420
28.177231 0.004386
28.222862 0.004884
28.268493 0.004700
28.314125 0.004582
28.359756 0.005093
28.405387 0.009663
28.451018 0.007482
28.496649 0.002660
28.542280 0.004259
28.587911 0.005920
28.633543 0.005057
28.679174 0.006030
28.724805 0.007060
28.770436 0.037559
28.816067 0.178083
28.861698 0.344337
28.907329 0.213788
28.952961 0.034259
28.998592 0.006549
29.044223 0.004035
29.089854 0.004268
29.135485 0.005514
29.181116 0.005885
29.226747 0.007407
29.272379 0.006111
29.318010 0.006180
29.363641 0.007586
29.409272 0.006980
29.454903 0.008246
29.500534 0.006816
29.546165 0.005455
29.591797 0.004158
29.637428 0.006659
29.683059 0.012652
29.728690 0.026286
29.774321 0.137393
29.819952 0.910194
29.865584 5.035497
29.911215 20.048120
29.956846 41.000885
30.002477 36.825718
30.048108 15.090507
30.093739 3.326433
30.139370 0.550957
30.185002 0.069013
30.230633 0.012322
30.276264 0.007456
30.321895 0.006481
30.367526 0.005849
30.413157 0.005062
30.458788 0.007230
30.504420 0.006477
30.550051 0.007072
30.595682 0.005763
30.641313 0.005553
30.686944 0.005771
30.732575 0.004220
30.778206 0.005839
30.823838 0.007122
30.869469 0.015820
30.915100 0.017667
30.960731 0.012564
31.006362 0.010093
31.051993 0.006696
31.097624 0.007703
31.143256 0.009041
31.188887 0.007287
31.234518 0.005578
31.280149 0.004849
31.325780 0.004773
31.371411 0.003096
31.417042 0.004923
31.462674 0.003644
31.508305 0.003689
31.553936 0.005016
31.599567 0.003970
31.645198 0.003553
31.690829 0.002025
31.736460 0.019520
31.782092 0.153768
31.827723 0.295677
31.873354 0.168342
31.918985 0.027777
31.964616 0.004612
32.010247 0.003644
32.055878 0.003995
32.101510 0.003454
32.147141 0.005051
32.192772 0.006119
32.238403 0.003405
32.284034 0.002065
32.329665 0.004468
32.375296 0.003718
32.420928 0.004086
32.466559 0.003695
32.512190 0.003243
32.557821 0.004564
32.603452 0.004438
32.649083 0.003397
32.694714 0.003444
32.740346 0.003519
32.785977 0.002427
32.831608 0.002138
32.877239 0.002037
32.922870 0.001768
32.968501 0.002583
33.014132 0.004759
33.059764 0.003730
33.105395 0.002938
33.151026 0.004059
33.196657 0.005746
33.242288 0.003647
33.287919 0.006079
33.333550 0.004851
33.379182 0.002257
33.424813 0.003861
33.470444 0.006359
33.516075 0.004958
33.561706 0.002786
33.607337 0.002934
33.652968 0.002686
33.698600 0.001490
33.744231 0.001958
33.789862 0.002012
33.835493 0.002409
33.881124 0.001484
33.926755 0.001484
33.972386 0.002254
34.018018 0.001497
34.063649 0.002461
34.109280 0.001799
34.154911 0.000824
34.200542 0.002485
34.246173 0.004667
34.291804 0.003977
34.337436 0.002043
34.383067 0.004505
34.428698 0.003909
34.474329 0.003288
34.519960 0.002731
34.565591 0.002850
34.611222 0.004078
34.656854 0.003879
34.702485 0.007062
34.748116 0.005804
34.793747 0.003617
34.839378 0.001560
34.885009 0.001385
34.930640 0.000995
34.976272 0.001429
35.021903 0.003612
35.067534 0.003630
35.113165 0.001998
35.158796 0.001009
35.204427 0.002034
35.250058 0.004378
35.295690 0.002430
35.341321 0.001104
35.386952 0.003358
35.432583 0.003155
35.478214 0.004823
35.523845 0.004124
35.569476 0.002146
35.615108 0.002570
35.660739 0.006861
35.706370 0.034683
35.752001 0.216318
35.797632 1.441144
35.843263 6.529483
35.888894 18.587799
35.934526 23.908350
35.980157 13.862885
36.025788 4.163332
36.071419 0.790086
36.117050 0.122999
36.162681 0.031820
36.208312 0.008828
36.253944 0.004522
36.299575 0.004186
36.345206 0.003851
36.390837 0.004324
36.436468 0.001548
36.482099 0.001507
36.527730 0.001630
36.573362 0.002485
36.618993 0.002783
36.664624 0.002679
36.710255 0.003290
36.755886 0.003562
36.801517 0.003831
36.847148 0.003760
36.892780 0.002167
36.938411 0.001510
36.984042 0.001896
37.029673 0.001629
37.075304 0.003620
37.120935 0.004073
37.166566 0.005595
37.212198 0.002910
37.257829 0.003607
37.303460 0.003871
37.349091 0.002656
37.394722 0.003120
37.440353 0.002424
37.485984 0.004335
37.531616 0.003455
37.577247 0.002426
37.622878 0.002609
37.668509 0.003711
37.714140 0.002892
37.759771 0.011746
37.805402 0.055946
37.851034 0.171325
37.896665 0.236306
37.942296 0.134430
37.987927 0.041688
38.033558 0.009825
38.079189 0.003398
38.124820 0.002992
38.170452 0.003330
38.216083 0.003275
38.261714 0.002561
38.307345 0.002822
38.352976 0.003372
38.398607 0.002075
38.444239 0.001721
38.489870 0.002852
38.535501 0.005826
38.581132 0.005254
38.626763 0.003202
38.672394 0.003806
38.718025 0.012164
38.763657 0.028101
38.809288 0.086354
38.854919 0.494218
38.900550 2.866817
38.946181 12.660982
38.991812 35.714180
39.037443 50.533646
39.083075 33.012375
39.128706 10.266870
39.174337 2.187422
39.219968 0.387440
39.265599 0.075999
39.311230 0.020993
39.356861 0.009897
39.402493 0.006956
39.448124 0.005088
39.493755 0.004480
39.539386 0.003071
39.585017 0.002113
39.630648 0.001502
39.676279 0.001529
39.721911 0.001818
39.767542 0.001993
39.813173 0.004273
39.858804 0.004968
39.904435 0.003991
39.950066 0.003761
39.995697 0.001764
40.041329 0.001807
40.086960 0.012209
40.132591 0.047334
40.178222 0.138940
40.223853 0.131785
40.269484 0.074902
40.315115 0.054886
40.360747 0.273710
40.406378 0.658419
40.452009 0.538666
40.497640 0.136084
40.543271 0.013318
40.588902 0.002853
40.634533 0.003707
40.680165 0.002887
40.725796 0.001872
40.771427 0.002942
40.817058 0.002813
40.862689 0.003568
40.908320 0.003215
40.953951 0.004197
40.999583 0.002842
41.045214 0.002085
41.090845 0.002459
41.136476 0.008213
41.182107 0.140427
41.227738 0.691385
41.273369 1.519494
41.319001 2.811560
41.364632 3.921662
41.410263 2.856625
41.455894 0.913385
41.501525 0.139041
41.547156 0.015531
41.592787 0.004705
41.638419 0.003529
41.684050 0.002129
41.729681 0.001600
41.775312 0.001713
41.820943 0.002229
41.866574 0.002835
41.912205 0.002772
41.957837 0.002227
42.003468 0.000897
42.049099 0.000318
42.094730 0.002024
42.140361 0.002407
42.185992 0.004936
42.231623 0.003446
42.277255 0.002572
42.322886 0.002544
42.368517 0.001601
42.414148 0.002917
42.459779 0.003832
42.505410 0.002256
42.551041 0.001595
42.596673 0.002810
42.642304 0.004449
42.687935 0.004045
42.733566 0.003093
42.779197 0.001854
42.824828 0.000812
42.870459 0.002316
42.916091 0.003711
42.961722 0.004038
43.007353 0.004218
43.052984 0.003341
43.098615 0.003812
43.144246 0.003050
43.189877 0.003240
43.235509 0.003344
43.281140 0.003314
43.326771 0.002310
43.372402 0.002618
43.418033 0.002584
43.463664 0.002848
43.509295 0.001733
43.554927 0.002126
43.600558 0.003149
43.646189 0.003145
43.691820 0.004751
43.737451 0.007991
43.783082 0.006302
43.828713 0.005087
43.874345 0.005948
43.919976 0.004516
43.965607 0.003864
44.011238 0.001387
44.056869 0.002429
44.102500 0.003105
44.148131 0.001546
44.193763 0.003004
44.239394 0.010869
44.285025 0.012325
44.330656 0.057997
44.376287 0.590577
44.421918 3.382635
44.467549 10.961307
44.513181 16.356030
44.558812 11.106049
44.604443 3.522620
44.650074 0.606065
44.695705 0.062044
44.741336 0.005599
44.786967 0.004867
44.832599 0.003458
44.878230 0.004275
44.923861 0.003823
44.969492 0.004403
45.015123 0.005527
45.060754 0.007116
45.106385 0.006263
45.152017 0.003316
45.197648 0.005048
45.243279 0.017271
45.288910 0.053016
45.334541 0.272242
45.380172 1.584588
45.425803 6.895300
45.471435 18.714561
45.517066 25.911093
45.562697 17.384626
45.608328 5.714140
45.653959 1.278220
45.699590 0.266144
45.745221 0.082274
45.790853 0.036070
45.836484 0.010183
45.882115 0.003643
45.927746 0.002218
45.973377 0.001728
46.019008 0.001661
46.064639 0.001754
46.110271 0.002130
46.155902 0.002703
46.201533 0.001980
46.247164 0.004195
46.292795 0.004590
46.338426 0.003146
46.384057 0.002604
46.429689 0.003068
46.475320 0.004698
46.520951 0.003236
46.566582 0.001478
46.612213 0.001504
46.657844 0.002884
46.703475 0.026701
46.749107 0.164646
46.794738 0.275108
46.840369 0.146748
46.886000 0.021480
46.931631 0.001648
46.977262 0.002247
47.022894 0.002967
47.068525 0.002903
47.114156 0.001355
47.159787 0.002256
47.205418 0.001945
47.251049 0.002423
47.296680 0.002724
47.342312 0.003348
47.387943 0.002239
47.433574 0.001456
47.479205 0.001594
47.524836 0.002397
47.570467 0.001659
47.616098 0.001410
47.661730 0.002394
47.707361 0.002943
47.752992 0.001397
47.798623 0.000765
47.844254 0.003149
47.889885 0.004341
47.935516 0.002698
47.981148 0.002146
48.026779 0.001775
48.072410 0.002328
48.118041 0.003893
48.163672 0.001726
48.209303 0.000221
48.254934 0.002348
48.300566 0.003868
48.346197 0.003649
48.391828 0.001112
48.437459 0.000630
48.483090 0.000828
48.528721 0.000508
48.574352 0.001750
48.619984 0.001709
48.665615 0.003217
48.711246 0.003876
48.756877 0.002148
48.802508 0.001625
48.848139 0.002570
48.893770 0.015965
48.939402 0.119495
48.985033 0.388360
49.030664 0.507134
49.076295 0.268319
49.121926 0.059184
49.167557 0.009482
49.213188 0.003266
49.258820 0.003052
49.304451 0.003552
49.350082 0.003061
49.395713 0.001854
49.441344 0.002266
49.486975 0.001897
49.532606 0.000801
49.578238 0.000932
49.623869 0.001819
49.669500 0.001917
49.715131 0.002038
49.760762 0.002092
49.806393 0.002222
49.852024 0.002650
49.897656 0.000638
49.943287 0.000856
49.988918 0.001794
50.034549 0.002781
50.080180 0.002446
50.125811 0.002065
50.171442 0.002970
50.217074 0.005364
50.262705 0.050252
50.308336 0.354317
50.353967 1.854584
50.399598 6.610872
50.445229 11.368339
50.490860 9.830264
50.536492 4.344745
50.582123 2.614631
50.627754 4.244757
50.673385 4.643118
50.719016 2.293390
50.764647 0.510444
50.810278 0.058159
50.855910 0.003517
50.901541 0.003029
50.947172 0.003007
50.992803 0.002518
51.038434 0.002188
51.084065 0.002602
51.129696 0.004097
51.175328 0.002167
51.220959 0.002340
51.266590 0.002443
51.312221 0.002603
51.357852 0.003076
51.403483 0.001783
51.449114 0.001318
51.494746 0.001366
51.540377 0.001064
51.586008 0.000573
51.631639 0.001374
51.677270 0.001283
51.722901 0.001201
51.768532 0.001051
51.814164 0.000841
51.859795 0.001441
51.905426 0.001525
51.951057 0.001526
51.996688 0.001976
52.042319 0.000758
52.087950 0.000958
52.133582 0.001636
52.179213 0.001669
52.224844 0.001548
52.270475 0.001521
52.316106 0.013875
52.361737 0.074038
52.407368 0.139257
52.453000 0.298164
52.498631 1.027954
52.544262 1.851275
52.589893 1.499851
52.635524 0.497166
52.681155 0.059565
52.726786 0.002737
52.772418 0.001337
52.818049 0.001339
52.863680 0.002089
52.909311 0.001160
52.954942 0.000992
53.000573 0.000547
53.046204 0.000535
53.091836 0.000884
53.137467 0.000792
53.183098 0.000521
53.228729 0.000810
53.274360 0.001129
53.319991 0.001092
53.365622 0.001315
53.411254 0.001343
53.456885 0.008795
53.502516 0.040352
53.548147 0.124771
53.593778 0.219731
53.639409 0.195692
53.685040 0.089299
53.730672 0.026232
53.776303 0.007802
53.821934 0.007721
53.867565 0.045603
53.913196 0.061480
53.958827 0.031597
54.004458 0.004316
54.050090 0.000631
54.095721 0.000248
54.141352 0.000602
54.186983 0.001745
54.232614 0.001967
54.278245 0.001866
54.323876 0.001331
54.369508 0.026106
54.415139 0.291781
54.460770 1.106031
54.506401 1.812099
54.552032 1.292826
54.597663 0.416881
54.643294 0.072715
54.688926 0.008344
54.734557 0.001574
54.780188 0.000352
54.825819 0.000111
54.871450 0.004786
54.917081 0.016192
54.962712 0.008163
55.008344 0.001000
55.053975 0.000001
55.099606 0.000000
55.145237 0.000630
55.190868 0.004489
55.236499 0.010946
55.282131 0.011507
55.327762 0.004751
55.373393 0.000775
55.419024 0.032923
55.464655 0.282014
55.510286 0.971492
55.555917 1.590283
55.601549 1.571462
55.647180 1.011728
55.692811 0.345660
55.738442 0.050518
55.784073 0.001849
55.829704 0.000267
55.875335 0.000391
55.920967 0.000416
55.966598 0.000300
56.012229 0.000000
56.057860 0.000000
56.103491 0.000000
56.149122 0.000000
56.194753 0.000000
56.240385 0.000169
56.286016 0.000365
56.331647 0.000086
56.377278 0.000000
56.422909 0.000000
56.468540 0.000371
56.514171 0.000711
56.559803 0.000215
56.605434 0.000000
56.651065 0.000474
56.696696 0.001741
56.742327 0.051727
56.787958 0.447332
56.833589 1.868469
56.879221 3.665706
56.924852 3.484835
56.970483 1.594195
57.016114 0.342997
57.061745 0.039099
57.107376 0.008518
57.153007 0.004248
57.198639 0.000000
57.244270 0.000255
57.289901 0.000355
57.335532 0.000000
57.381163 0.000423
57.426794 0.000798
57.472425 0.000608
57.518057 0.000056
57.563688 0.001333
57.609319 0.018574
57.654950 0.133125
57.700581 0.486468
57.746212 0.824084
57.791843 0.633806
57.837475 0.254844
57.883106 0.276898
57.928737 1.142175
57.974368 2.548183
58.019999 2.599361
58.065630 1.295817
58.111261 0.249021
58.156893 0.020142
58.202524 0.000403
58.248155 0.000064
58.293786 0.000070
58.339417 0.000372
58.385048 0.000156
58.430679 0.000000
58.476311 0.000112
58.521942 0.000316
58.567573 0.000503
58.613204 0.000704
58.658835 0.000212
58.704466 0.000000
58.750097 0.000000
58.795729 0.000000
58.841360 0.000000
58.886991 0.000000
58.932622 0.000000
58.978253 0.000000
59.023884 0.000000
59.069515 0.000000
59.115147 0.000187
59.160778 0.000388
59.206409 0.000074
59.252040 0.000000
59.297671 0.000241
59.343302 0.002245
59.388933 0.010396
59.434565 0.015920
59.480196 0.011462
59.525827 0.004803
59.571458 0.002606
59.617089 0.003380
59.662720 0.002686
59.708351 0.003183
59.753983 0.012247
59.799614 0.056677
59.845245 0.450501
59.890876 2.190675
59.936507 5.430325
59.982138 7.109206
60.027769 4.426809
60.073401 1.401770
60.119032 0.205318
60.164663 0.020510
60.210294 0.001254
60.255925 0.000315
60.301556 0.000168
60.347187 0.000000
60.392819 0.000146
60.438450 0.000309
60.484081 0.000122
60.529712 0.000161
60.575343 0.000672
60.620974 0.000377
60.666605 0.000000
60.712237 0.000000
60.757868 0.000000
60.803499 0.000000
60.849130 0.000000
60.894761 0.000262
60.940392 0.000679
60.986023 0.000801
61.031655 0.004321
61.077286 0.001925
61.122917 0.000419
61.168548 0.000000
61.214179 0.000000
61.259810 0.000233
61.305441 0.003201
61.351073 0.045293
61.396704 0.217835
61.442335 0.463747
61.487966 0.391330
61.533597 0.134737
61.579228 0.014036
61.624859 0.000047
61.670491 0.000000
61.716122 0.000000
61.761753 0.000312
61.807384 0.000575
61.853015 0.001996
61.898646 0.003423
61.944277 0.001707
61.989909 0.000450
62.035540 0.000000
62.081171 0.000000
62.126802 0.000000
62.172433 0.000109
62.218064 0.000503
62.263695 0.000487
62.309327 0.000431
62.354958 0.000297
62.400589 0.000137
62.446220 0.000789
62.491851 0.006920
62.537482 0.116503
62.583113 0.859455
62.628745 2.810273
62.674376 4.437990
62.720007 3.372897
62.765638 1.225916
62.811269 0.188673
62.856900 0.009203
62.902531 0.000056
62.948163 0.000000
62.993794 0.000121
63.039425 0.000313
63.085056 0.000162
63.130687 0.000000
63.176318 0.000000
63.221949 0.000321
63.267581 0.000335
63.313212 0.000311
63.358843 0.000430
63.404474 0.009894
63.450105 0.016889
63.495736 0.012094
63.541367 0.008652
63.586999 0.072595
63.632630 0.265219
63.678261 0.406937
63.723892 0.266252
63.769523 0.069427
63.815154 0.005048
63.860786 0.000262
63.906417 0.000318
63.952048 0.000037
63.997679 0.000334
64.043310 0.000542
64.088941 0.000673
64.134572 0.000541
64.180204 0.000000
64.225835 0.003853
64.271466 0.007112
64.317097 0.003007
64.362728 0.001064
64.408359 0.000000
64.453990 0.000000
64.499622 0.000000
64.545253 0.000000
64.590884 0.000000
64.636515 0.000000
64.682146 0.000000
64.727777 0.000000
64.773408 0.006516
64.819040 0.006448
64.864671 0.000000
64.910302 0.000000
64.955933 0.000000
65.001564 0.000000
65.047195 0.000000
65.092826 0.000000
65.138458 0.000000
65.184089 0.000000
65.229720 0.000000
65.275351 0.000000
65.320982 0.000000
65.366613 0.000205
65.412244 0.000409
65.457876 0.000163
65.503507 0.000000
65.549138 0.000000
65.594769 0.000000
65.640400 0.000000
65.686031 0.000000
65.731662 0.000078
65.777294 0.000382
65.822925 0.000263
65.868556 0.000223
65.914187 0.000425
65.959818 0.000153
66.005449 0.001708
66.051080 0.001369
66.096712 0.000000
66.142343 0.000000
66.187974 0.000000
66.233605 0.000230
66.279236 0.004278
66.324867 0.012268
66.370498 0.012320
66.416130 0.007456
66.461761 0.005969
66.507392 0.002182
66.553023 0.000600
66.598654 0.000000
66.644285 0.000000
66.689916 0.000000
66.735548 0.003033
66.781179 0.038265
66.826810 0.255716
66.872441 0.703565
66.918072 0.920297
66.963703 0.547708
67.009334 0.158281
67.054966 0.025521
67.100597 0.004703
67.146228 0.000000
67.191859 0.000000
67.237490 0.000000
67.283121 0.000000
67.328752 0.000194
67.374384 0.002167
67.420015 0.008603
67.465646 0.013509
67.511277 0.009850
67.556908 0.002968
67.602539 0.000107
67.648170 0.000000
67.693802 0.000000
67.739433 0.000000
67.785064 0.000000
67.830695 0.000000
67.876326 0.000000
67.921957 0.000000
67.967588 0.002822
68.013220 0.042213
68.058851 0.165391
68.104482 0.302605
68.150113 0.276385
68.195744 0.112272
68.241375 0.015230
68.287006 0.000621
68.332638 0.000000
68.378269 0.000000
68.423900 0.000000
68.469531 0.000000
68.515162 0.000000
68.560793 0.000000
68.606424 0.000000
68.652056 0.000000
68.697687 0.002212
68.743318 0.060635
68.788949 0.507224
68.834580 1.784042
68.880211 3.183878
68.925842 2.901943
68.971474 1.447760
69.017105 0.754356
69.062736 0.856205
69.108367 0.742807
69.153998 0.301348
69.199629 0.052271
69.245260 0.002721
69.290892 0.000102
69.336523 0.000534
69.382154 0.002937
69.427785 0.043597
69.473416 0.274044
69.519047 0.690817
69.564678 0.803950
69.610310 0.422633
69.655941 0.092987
69.701572 0.004011
69.747203 0.000000
69.792834 0.000304
69.838465 0.000747
69.884096 0.000314
69.929728 0.000000
69.975359 0.000000
70.020990 0.000000
70.066621 0.000000
70.112252 0.000000
70.157883 0.000000
70.203514 0.000000
70.249146 0.000000
70.294777 0.000000
70.340408 0.000902
70.386039 0.004391
70.431670 0.004879
70.477301 0.003700
70.522932 0.000972
70.568564 0.000000
70.614195 0.000000
70.659826 0.000000
70.705457 0.000000
70.751088 0.000000
70.796719 0.000064
70.842350 0.000695
70.887982 0.017000
70.933613 0.105320
70.979244 0.308253
71.024875 0.483887
71.070506 0.352279
71.116137 0.099115
71.161768 0.006529
71.207400 0.000000
71.253031 0.000000
71.298662 0.000000
71.344293 0.000000
71.389924 0.000000
71.435555 0.000000
71.481186 0.000000
71.526818 0.000000
71.572449 0.000000
71.618080 0.000000
71.663711 0.000000
71.709342 0.000604
71.754973 0.018198
71.800604 0.101963
71.846236 0.260469
71.891867 0.332213
71.937498 0.197907
71.983129 0.045752
72.028760 0.001675
72.074391 0.000000
72.120022 0.000000
72.165654 0.000000
72.211285 0.000000
72.256916 0.000000
72.302547 0.000000
72.348178 0.000000
72.393809 0.000000
72.439441 0.000000
72.485072 0.000000
72.530703 0.000000
72.576334 0.000000
72.621965 0.000000
72.667596 0.000366
72.713227 0.023502
72.758859 0.261321
72.804490 1.162289
72.850121 2.469625
72.895752 2.791292
72.941383 1.677916
72.987014 0.516250
73.032645 0.066185
73.078277 0.002061
73.123908 0.000000
73.169539 0.000000
73.215170 0.000000
73.260801 0.000000
73.306432 0.000000
73.352063 0.000000
73.397695 0.004522
73.443326 0.066054
73.488957 0.270029
73.534588 0.483709
73.580219 0.428960
73.625850 0.184118
73.671481 0.030329
73.717113 0.004093
73.762744 0.049028
73.808375 0.280504
73.854006 0.847106
73.899637 1.351392
73.945268 1.092801
73.990899 0.454665
74.036531 0.076661
74.082162 0.001560
74.127793 0.000000
74.173424 0.003206
74.219055 0.007004
74.264686 0.007916
74.310317 0.006899
74.355949 0.001677
74.401580 0.000000
74.447211 0.000000
74.492842 0.000000
74.538473 0.000000
74.584104 0.000000
74.629735 0.000000
74.675367 0.000000
74.720998 0.000000
74.766629 0.000000
74.812260 0.000000
74.857891 0.000248
74.903522 0.000838
74.949153 0.000478
74.994785 0.000000
75.040416 0.000000
75.086047 0.002619
75.131678 0.006150
75.177309 0.101143
75.222940 0.696110
75.268571 1.951570
75.314203 2.820729
75.359834 2.093252
75.405465 0.752095
75.451096 0.112320
75.496727 0.004858
75.542358 0.000000
75.587989 0.000000
75.633621 0.000000
75.679252 0.002347
75.724883 0.029676
75.770514 0.083768
75.816145 0.102612
75.861776 0.065766
75.907407 0.021108
75.953039 0.002827
75.998670 0.000000
76.044301 0.000000
76.089932 0.000000
76.135563 0.000887
76.181194 0.001028
76.226825 0.000000
76.272457 0.000000
76.318088 0.000000
76.363719 0.000000
76.409350 0.002327
76.454981 0.011949
76.500612 0.026861
76.546243 0.024894
76.591875 0.006200
76.637506 0.000369
76.683137 0.000278
76.728768 0.018392
76.774399 0.100488
76.820030 0.233933
76.865661 0.251044
76.911293 0.124917
76.956924 0.028021
77.002555 0.000573
77.048186 0.000000
77.093817 0.000000
77.139448 0.000000
77.185079 0.000000
77.230711 0.000000
77.276342 0.000702
77.321973 0.001551
77.367604 0.045059
77.413235 0.285197
77.458866 0.640979
77.504497 0.659570
77.550129 0.332041
77.595760 0.079313
77.641391 0.007438
77.687022 0.000969
77.732653 0.000000
77.778284 0.000000
77.823915 0.000000
77.869547 0.000000
77.915178 0.000000
77.960809 0.000000
78.006440 0.000000
78.052071 0.000000
78.097702 0.000000
78.143333 0.013114
78.188965 0.105953
78.234596 0.333693
78.280227 0.552873
78.325858 0.550211
78.371489 0.688887
78.417120 1.257518
78.462751 1.472750
78.508383 0.939872
78.554014 0.311197
78.599645 0.045540
78.645276 0.004416
78.690907 0.002333
78.736538 0.033418
78.782169 0.264346
78.827801 0.736499
78.873432 1.013432
78.919063 0.741362
78.964694 0.264071
79.010325 0.035413
79.055956 0.000000
79.101587 0.000000
79.147219 0.000000
79.192850 0.000000
79.238481 0.000000
79.284112 0.000000
79.329743 0.000000
79.375374 0.000000
79.421005 0.000000
79.466637 0.000000
79.512268 0.000000
79.557899 0.000000
79.603530 0.000000
79.649161 0.000000
79.694792 0.000000
79.740423 0.000000
79.786055 0.000000
79.831686 0.000000
79.877317 0.000000
79.922948 0.000000
79.968579 0.000000
80.014210 0.000000
80.059841 0.000000
80.105473 0.000000
80.151104 0.000000
80.196735 0.000000
80.242366 0.000000
80.287997 0.000000
80.333628 0.000000
80.379259 0.000000
80.424891 0.000000
80.470522 0.001367
80.516153 0.001775
80.561784 0.000104
80.607415 0.000000
80.653046 0.000000
80.698677 0.000000
80.744309 0.000000
80.789940 0.000182
80.835571 0.001980
80.881202 0.001511
80.926833 0.000000
80.972464 0.000000
81.018096 0.000000
81.063727 0.000000
81.109358 0.000000
81.154989 0.000000
81.200620 0.000000
81.246251 0.000000
81.291882 0.000000
81.337514 0.000000
81.383145 0.000000
81.428776 0.000000
81.474407 0.000000
81.520038 0.000000
81.565669 0.000000
81.611300 0.000000
81.656932 0.002977
81.702563 0.030786
81.748194 0.125275
81.793825 0.301587
81.839456 0.377919
81.885087 0.242705
81.930718 0.124544
81.976350 0.078044
82.021981 0.034214
82.067612 0.008964
82.113243 0.000529
82.158874 0.000000
82.204505 0.000000
82.250136 0.000000
82.295768 0.000000
82.341399 0.000000
82.387030 0.000000
82.432661 0.004746
82.478292 0.056510
82.523923 0.202380
82.569554 0.321427
82.615186 0.251335
82.660817 0.089252
82.706448 0.012229
82.752079 0.027418
82.797710 0.040211
82.843341 0.025873
82.888972 0.005560
82.934604 0.000000
82.980235 0.000000
83.025866 0.000000
83.071497 0.000000
83.117128 0.000000
83.162759 0.000000
83.208390 0.000000
83.254022 0.000000
83.299653 0.001474
83.345284 0.002209
83.390915 0.000357
83.436546 0.000000
83.482177 0.000000
83.527808 0.000000
83.573440 0.000000
83.619071 0.000000
83.664702 0.000000
83.710333 0.001590
83.755964 0.002849
83.801595 0.000774
83.847226 0.000000
83.892858 0.000000
83.938489 0.001203
83.984120 0.002445
84.029751 0.000886
84.075382 0.000000
84.121013 0.000000
84.166644 0.000614
84.212276 0.002567
84.257907 0.003688
84.303538 0.006588
84.349169 0.003364
84.394800 0.000000
84.440431 0.000000
84.486062 0.000000
84.531694 0.000000
84.577325 0.000000
84.622956 0.000000
84.668587 0.000000
84.714218 0.000000
84.759849 0.000000
84.805480 0.000000
84.851112 0.000638
84.896743 0.003289
84.942374 0.002099
84.988005 0.000000
85.033636 0.000000
85.079267 0.000000
85.124898 0.000000
85.170530 0.000000
85.216161 0.000000
85.261792 0.000000
85.307423 0.000000
85.353054 0.000000
85.398685 0.000000
85.444316 0.000000
85.489948 0.000000
85.535579 0.000000
85.581210 0.000000
85.626841 0.000000
85.672472 0.000000
85.718103 0.000000
85.763734 0.000000
85.809366 0.000000
85.854997 0.000000
85.900628 0.000000
85.946259 0.000000
85.991890 0.000000
86.037521 0.000000
86.083152 0.000000
86.128784 0.000000
86.174415 0.002222
86.220046 0.006762
86.265677 0.003375
86.311308 0.000000
86.356939 0.000000
86.402570 0.000000
86.448202 0.000000
86.493833 0.000000
86.539464 0.000000
86.585095 0.033404
86.630726 0.188317
86.676357 0.371083
86.721988 0.445398
86.767620 0.603922
86.813251 0.977394
86.858882 1.240601
86.904513 0.959947
86.950144 0.384995
86.995775 0.058978
87.041406 0.002160
87.087038 0.000000
87.132669 0.000000
87.178300 0.000000
87.223931 0.000000
87.269562 0.000000
87.315193 0.000000
87.360824 0.000000
87.406456 0.000000
87.452087 0.000000
87.497718 0.000000
87.543349 0.000000
87.588980 0.000000
87.634611 0.000000
87.680242 0.000000
87.725874 0.000000
87.771505 0.000000
87.817136 0.000000
87.862767 0.000000
87.908398 0.000000
87.954029 0.000000
87.999660 0.000000
88.045292 0.000000
88.090923 0.000000
88.136554 0.000000
88.182185 0.000000
88.227816 0.000000
88.273447 0.000000
88.319078 0.000000
88.364710 0.000000
88.410341 0.000000
88.455972 0.000000
88.501603 0.000000
88.547234 0.000000
88.592865 0.000000
88.638496 0.000000
88.684128 0.000000
88.729759 0.000000
88.775390 0.000000
88.821021 0.000000
88.866652 0.000000
88.912283 0.000000
88.957914 0.000000
89.003546 0.000000
89.049177 0.000000
89.094808 0.000000
89.140439 0.000000
89.186070 0.000000
89.231701 0.000000
89.277332 0.000000
89.322964 0.000000
89.368595 0.000000
89.414226 0.000000
89.459857 0.000000
89.505488 0.000000
89.551119 0.000000
89.596751 0.000000
89.642382 0.000000
89.688013 0.000000
89.733644 0.000000
89.779275 0.000000
89.824906 0.000000
89.870537 0.000000
89.916169 0.000000
89.961800 0.000000
90.007431 0.000000
90.053062 0.000000
90.098693 0.000000
90.144324 0.000000
90.189955 0.000000
90.235587 0.000000
90.281218 0.000000
90.326849 0.000000
90.372480 0.000000
90.418111 0.000000
90.463742 0.000000
90.509373 0.000000
90.555005 0.000000
90.600636 0.000000
90.646267 0.000000
90.691898 0.000000
90.737529 0.000000
90.783160 0.000000
90.828791 0.000000
90.874423 0.000000
90.920054 0.000000
90.965685 0.000000
91.011316 0.000000
91.056947 0.000000
91.102578 0.000000
91.148209 0.000000
91.193841 0.000000
91.239472 0.000000
